136558


times: 
0
2
6
10
16
23
35
43
56
71

crit: 
105
457
1076
1839
2902
4345
6022
7730
9687
11874

136698


times: 
0
3
7
13
19
25
35
47
61
75

crit: 
2941
5388
7237
9621
16803
26644
22071
30605
43219
33324

136748


times: 
0
2
4
9
16
21
30
39
53
62

crit: 
280
520
822
1071
1349
1611
1778
2345
2652
2807

136704


times: 
0
2
5
10
16
23
30
41
51
65

crit: 
700
1428
2039
2850
3583
4299
4992
5616
6480
7284

136800


times: 
0
2
6
13
17
23
39
44
56
70

crit: 
129
513
1088
2048
3035
4395
6313
7767
10666
12131

132325


times: 
0
2
5
10
17
22
31
41
52
65

crit: 
376
897
1405
1919
2352
2863
3621
4102
4615
5165

136760


times: 
0
2
6
11
16
24
32
43
54
68

crit: 
3639
7930
12122
16522
20632
24169
28753
32835
36835
41831

142192


times: 
0
2
9
14
19
28
38
52
61
76

crit: 
2349
4463
7362
8883
12193
14955
17690
18881
23047
24112

136751


times: 
0
2
4
8
17
21
28
37
49
62

crit: 
127
266
384
590
685
869
1020
1111
1335
1425

136809


times: 
0
2
5
10
18
23
33
44
57
72

crit: 
138
527
1178
2010
2813
4684
5685
7726
10436
12083

136674


times: 
0
2
5
10
18
23
32
41
52
65

crit: 
299
450
827
957
1402
1464
1842
2164
2234
2642

132203


times: 
0
2
5
10
16
21
29
39
49
61

crit: 
88
193
282
384
514
591
702
759
947
976
