
136558

643
2417
5352
9502
15792
22138
29319
37502
47977
60894

136698

660
2461
5393
9507
14839
21232
29563
39800
54212
83332

136748

1030
3856
8455
14890
17092
22749
36953
60474
74144
67026

136704

712
2606
5891
9916
15519
21834
29392
56234
73015
59168

136800

643
2451
5340
9438
14855
22030
29069
37914
48548
79402

132325

923
3574
8413
14745
22896
33185
46003
58942
73496
73560

136760

636
2446
5430
9592
14808
21677
28934
37838
47767
58931

142192

640
2458
5403
9529
14901
21259
34845
54940
53210
58802

136751

647
2433
5415
9513
14679
21175
28814
37941
47960
59469

136809

644
2449
5397
9465
14720
21480
39130
56692
69495
65585

136674

654
2463
5386
9617
14966
29030
42486
58145
69831
60389

132203

644
2456
5398
9646
15251
21479
29019
37712
59772
85642
