
136558

22
78
169
302
463
681
913
1184
1482
1805

136698

1851
7856
8319
9800
21367
23246
23895
39879
31357
39833

136748

29092
116187
287382
606113
1.042e+06
1.13584e+06
1.62143e+06
1.86111e+06
2.64703e+06
3.61735e+06

136704

335
677
1044
1111
1655
2038
2917
2960
3179
3364

136800

47
96
156
178
217
280
423
344
408
587

132325

49
142
247
319
520
663
758
895
968
1059

136760

197
789
1716
3011
4535
7003
9500
12055
15190
19528

142192

372
1462
3696
5080
10156
14561
17690
17433
21364
31617

136751

65
151
242
320
489
966
1169
1432
1510
1498

136809

481
793
1301
1798
1878
2244
2716
3576
4126
3736

136674

155
960
290
1643
2342
2152
3406
3670
3486
4652

132203

42
140
125
235
281
302
442
486
635
535
