100
13 29 57 19
27 30 77 10
8 4 16 1
28 8 56 15
5 13 28 1
27 3 43 16
20 10 33 16
7 19 35 19
14 1 45 11
16 20 59 17
15 6 46 5
26 24 78 18
8 13 23 2
4 29 53 19
6 27 46 2
6 30 50 20
27 1 48 16
26 25 86 9
7 30 74 6
28 8 36 19
29 15 62 12
20 5 61 10
26 3 44 7
24 24 84 15
21 5 65 19
6 13 24 5
13 21 63 13
5 28 33 19
16 2 39 4
18 14 45 6
22 26 78 19
13 10 23 7
21 29 85 9
11 25 69 7
29 19 49 12
9 5 51 9
27 22 49 12
30 27 73 2
16 23 42 1
15 26 58 16
6 12 21 11
21 3 61 20
27 24 63 16
2 11 18 12
12 12 64 9
14 17 64 5
30 11 50 14
27 29 65 12
27 1 66 17
25 27 69 7
19 22 69 14
27 27 78 18
12 25 68 2
5 3 38 11
22 7 45 1
15 7 31 9
23 19 53 3
2 21 59 18
23 25 53 1
3 6 14 1
22 27 55 16
28 5 37 18
27 11 63 9
13 25 38 11
6 15 33 1
8 4 37 7
13 4 27 3
12 20 51 12
27 25 79 13
17 5 39 19
22 3 46 6
6 10 25 15
24 12 44 18
24 18 80 2
14 6 29 12
25 26 89 19
3 5 39 17
4 13 36 5
13 19 68 4
8 2 33 2
19 9 51 2
28 7 53 3
22 26 83 7
24 29 76 6
15 30 77 6
5 27 40 11
14 5 35 1
11 7 27 4
7 9 28 13
15 10 56 13
10 2 47 4
14 16 47 11
13 7 43 5
14 3 47 2
2 19 46 13
23 15 66 6
5 3 28 4
19 7 36 1
30 13 47 17
26 9 55 5
