200
3 13 53 7
18 28 84 13
4 13 36 5
21 19 51 4
20 10 33 16
8 4 16 1
10 12 40 16
14 3 47 2
26 1 53 10
2 7 27 2
3 6 14 1
23 16 71 7
23 19 53 3
27 1 48 16
22 8 67 17
13 10 23 7
5 28 33 19
24 12 44 18
11 9 45 6
24 13 60 1
18 6 63 14
3 5 39 17
19 16 59 15
11 4 15 20
12 5 39 8
26 25 86 9
6 10 25 15
21 14 62 7
15 26 58 16
13 22 73 7
21 3 61 20
8 15 24 4
9 17 59 14
3 18 53 14
6 15 33 1
13 19 68 4
23 5 63 11
29 19 49 12
22 27 55 16
15 6 61 4
28 7 53 3
27 24 63 16
28 8 56 15
7 19 35 19
20 28 69 15
6 12 31 5
13 29 57 19
16 2 39 4
3 30 69 11
18 3 32 1
23 15 66 6
2 19 46 13
13 4 27 3
27 22 49 12
11 24 48 9
18 15 39 20
12 25 68 2
19 9 51 2
27 29 65 12
22 15 59 19
10 20 37 16
3 9 28 3
29 17 51 10
19 7 36 1
22 2 50 7
24 29 76 6
25 1 55 10
29 19 76 6
25 25 61 3
6 27 46 2
30 27 64 2
28 5 37 18
5 13 28 1
15 13 49 13
28 23 58 20
29 22 51 4
1 26 58 5
22 7 57 15
6 3 17 18
10 2 17 5
15 30 77 6
16 23 42 1
16 20 59 17
27 18 83 7
4 29 53 19
30 2 37 6
18 12 34 15
19 6 40 10
14 28 44 16
26 24 78 18
6 27 44 7
6 13 24 5
27 3 43 16
25 4 68 2
19 27 46 10
3 6 41 16
26 13 63 4
22 3 46 6
25 4 32 15
6 30 50 20
27 11 63 9
27 1 66 17
18 24 79 14
2 21 59 18
5 27 49 3
21 29 85 9
25 8 52 3
8 4 37 7
22 30 78 5
26 3 44 7
20 27 61 4
7 30 74 6
20 24 63 15
27 27 78 18
20 5 61 10
24 19 50 8
13 25 38 11
13 7 43 5
28 12 66 8
7 11 54 20
24 3 58 18
12 12 64 9
25 5 55 11
24 6 64 11
4 29 53 19
5 15 44 1
12 24 47 9
5 3 38 11
25 26 81 15
15 30 70 20
14 1 45 11
16 20 38 7
15 7 31 9
2 11 18 12
11 7 27 4
6 4 10 20
26 9 55 5
24 24 84 15
3 12 28 20
14 6 29 12
15 6 56 13
5 8 51 2
29 2 34 9
21 8 56 6
13 18 49 10
30 13 47 17
11 30 50 4
13 21 63 13
2 29 51 16
30 11 50 14
22 26 83 7
26 6 68 14
25 26 89 19
5 27 40 11
22 7 45 1
8 28 69 20
25 19 83 3
10 2 47 4
15 6 46 5
5 2 43 17
2 22 45 20
30 27 73 2
7 9 28 13
19 22 69 14
24 18 80 2
20 14 38 3
29 15 62 12
17 5 39 19
3 27 37 12
15 10 56 13
29 4 49 7
22 29 53 6
6 8 33 6
24 18 66 4
27 25 79 13
14 17 64 5
21 5 65 19
14 16 47 11
7 9 28 13
30 9 56 20
5 3 28 4
14 5 35 1
18 14 45 6
6 12 21 11
21 26 54 17
23 15 49 9
9 5 51 9
12 20 51 12
28 8 36 19
7 15 51 14
28 19 62 14
8 2 33 2
13 14 66 2
27 30 77 10
8 28 44 1
23 25 53 1
8 13 23 2
11 25 69 7
25 27 69 7
22 26 78 19
