50
14 6 29 12
20 10 33 16
22 26 83 7
14 16 47 11
28 5 37 18
29 19 49 12
8 4 16 1
28 7 53 3
22 3 46 6
26 24 78 18
28 8 56 15
27 25 79 13
3 6 14 1
19 7 36 1
12 12 64 9
24 18 80 2
5 13 28 1
29 15 62 12
8 4 37 7
13 7 43 5
26 25 86 9
14 3 47 2
30 13 47 17
22 7 45 1
14 1 45 11
10 2 47 4
27 3 43 16
23 19 53 3
12 25 68 2
20 5 61 10
8 2 33 2
9 5 51 9
27 24 63 16
27 29 65 12
3 5 39 17
25 26 89 19
18 14 45 6
6 27 46 2
5 3 38 11
14 5 35 1
26 9 55 5
16 2 39 4
11 7 27 4
6 15 33 1
22 26 78 19
28 8 36 19
14 17 64 5
7 30 74 6
24 12 44 18
21 3 61 20
