350
6 10 25 15
2 15 53 1
27 29 65 12
28 12 66 8
12 12 64 9
3 5 39 17
3 30 69 11
23 16 71 7
18 12 34 15
14 1 45 11
29 27 93 1
13 7 43 5
12 5 39 8
17 15 49 2
22 7 48 1
13 25 38 11
17 28 69 4
10 12 40 16
11 28 44 8
2 29 51 16
8 15 24 4
14 17 64 1
20 5 61 10
25 27 69 7
3 12 28 20
16 20 59 17
12 23 58 5
5 3 28 4
18 28 84 13
30 2 32 7
21 29 85 9
12 24 61 6
15 30 70 20
16 23 42 1
13 21 63 13
6 3 17 18
14 3 47 2
18 15 39 2
29 19 49 12
6 30 50 20
17 28 85 9
13 6 32 13
5 15 44 1
8 10 52 13
27 5 44 12
20 10 33 16
3 30 61 20
6 27 44 7
8 9 37 9
29 15 62 12
9 12 30 14
27 1 66 17
9 4 25 5
27 3 43 16
25 25 72 19
17 29 58 5
25 22 82 11
18 15 39 20
13 22 73 7
28 19 62 14
25 5 55 11
1 13 35 18
24 13 60 1
2 11 18 12
7 19 35 19
2 4 42 8
20 24 63 15
5 8 51 2
9 8 45 15
29 29 78 12
17 13 34 14
15 6 46 5
2 18 26 19
19 22 69 14
26 24 78 18
26 14 49 20
27 18 83 7
4 9 29 12
20 20 56 14
21 26 54 17
22 26 80 14
15 13 49 13
6 26 46 5
19 7 36 1
11 25 69 7
14 17 64 5
3 9 28 3
12 23 46 19
25 29 84 12
1 9 15 20
2 7 27 2
3 5 23 3
3 13 53 7
6 15 33 1
14 5 35 1
7 9 28 13
11 4 15 20
27 1 59 10
26 3 44 7
7 20 63 15
8 4 37 7
1 25 50 11
11 17 47 14
5 21 65 2
18 3 21 14
23 14 48 10
15 7 31 9
2 19 46 13
30 11 50 14
25 19 83 3
21 19 51 4
6 16 46 5
23 19 42 19
3 4 36 13
26 1 53 10
22 26 78 19
15 6 56 13
7 6 29 16
19 5 27 13
23 19 53 3
26 13 74 11
18 14 45 6
1 25 29 15
26 13 63 4
11 7 27 4
16 20 38 7
24 1 36 10
24 3 58 18
17 23 60 20
5 2 17 14
24 12 44 18
22 7 57 15
30 9 56 20
3 9 27 9
10 26 70 8
27 27 78 18
4 16 24 18
8 13 23 2
24 24 84 15
17 5 39 19
6 17 52 16
25 25 61 3
3 6 41 16
28 23 58 20
13 23 57 13
4 5 10 9
13 16 34 13
3 18 53 14
8 14 43 13
26 25 86 9
30 13 47 17
13 14 66 2
27 25 79 13
4 7 15 14
29 4 49 7
3 27 37 12
21 21 68 8
23 15 49 9
23 3 58 2
24 18 66 4
24 3 27 2
13 19 68 4
1 18 30 1
3 29 35 17
8 4 16 1
9 13 58 6
30 27 64 2
22 29 53 6
15 6 61 4
17 21 46 6
24 29 76 6
7 15 51 14
7 11 54 20
5 2 43 17
23 3 57 19
20 7 63 14
6 12 21 11
22 8 67 17
11 24 48 9
13 6 25 11
15 1 38 16
13 10 23 7
19 12 40 1
2 21 59 18
23 14 38 18
18 19 51 12
5 28 33 19
14 16 47 11
7 9 28 13
19 24 79 11
28 8 56 15
27 24 63 16
19 16 59 15
27 22 49 12
9 9 54 14
6 12 31 5
21 8 56 6
19 16 55 6
11 21 43 16
19 27 46 10
6 13 24 5
10 28 58 16
25 1 55 10
6 8 33 6
28 7 53 3
6 25 41 2
9 5 51 9
28 7 60 3
28 20 63 15
22 29 83 12
18 6 63 14
30 8 41 10
6 24 53 2
5 10 55 7
13 18 49 10
4 29 53 19
29 2 34 9
12 24 47 9
25 4 68 2
24 18 80 2
8 21 58 2
22 3 46 6
21 14 62 7
24 3 53 16
18 3 32 1
24 12 74 8
24 6 64 11
23 15 66 6
6 6 45 17
19 18 53 7
22 30 78 5
3 6 14 1
20 28 69 15
17 24 50 5
25 4 32 15
22 7 45 1
30 17 80 15
11 30 50 4
15 30 77 6
14 26 63 12
19 9 51 2
5 13 28 1
12 25 68 2
8 2 45 4
29 22 51 4
13 24 37 13
19 20 78 16
18 22 54 5
14 6 29 12
4 13 36 5
8 20 61 15
18 24 79 14
4 26 51 11
21 5 65 19
3 5 24 12
17 26 80 5
19 6 40 10
28 19 49 17
6 17 53 3
6 4 10 20
24 19 50 8
7 30 74 6
12 20 51 12
15 26 58 16
27 11 63 9
21 5 63 19
3 19 45 4
14 28 44 16
1 26 58 5
16 23 58 17
5 3 38 11
6 27 46 15
9 8 52 20
23 18 50 12
25 26 86 17
23 9 72 1
22 15 59 19
16 7 30 16
30 16 60 2
5 27 49 3
6 2 34 8
25 26 89 19
20 14 38 3
8 28 69 20
28 5 61 14
11 9 45 6
19 26 68 4
16 30 70 11
27 9 40 8
6 27 46 2
25 26 81 15
13 4 27 3
2 18 54 9
23 2 59 7
26 9 55 5
24 3 50 5
11 18 39 13
4 23 35 11
15 10 56 13
30 27 73 2
28 8 36 19
20 27 61 4
26 6 68 14
4 20 54 4
16 11 61 2
23 25 53 1
25 8 52 3
17 1 26 18
22 17 43 11
16 12 54 12
23 5 63 11
28 21 59 19
14 13 32 14
28 5 37 18
27 30 77 10
22 27 55 16
18 27 56 15
27 22 56 11
8 28 44 1
4 29 53 19
18 1 56 10
27 1 48 16
24 15 45 12
2 22 45 20
26 30 89 10
22 26 83 7
30 5 39 19
30 9 56 1
29 17 51 10
17 12 37 10
21 19 71 20
8 2 33 2
5 27 40 11
9 17 59 14
10 2 47 4
13 29 57 19
29 19 76 6
20 9 68 6
13 6 50 20
26 8 74 15
27 25 92 18
12 6 20 20
29 15 59 12
10 2 17 5
22 2 50 7
21 3 61 20
30 2 37 6
10 20 37 16
16 2 39 4
3 11 50 6
