450
18 27 56 15
21 21 68 8
11 25 69 7
26 14 49 20
9 8 45 15
6 27 44 7
3 9 27 9
23 14 38 18
22 26 83 7
25 26 81 15
18 26 51 12
3 5 23 3
11 30 50 4
8 18 37 14
6 30 62 18
5 27 49 3
19 16 59 15
13 10 23 7
8 20 50 8
7 6 25 10
7 30 74 6
22 26 80 14
15 30 70 20
1 26 58 5
28 23 58 20
22 15 59 19
26 13 74 11
16 30 70 11
26 8 74 15
24 16 47 13
11 18 39 13
8 10 52 13
24 1 36 10
22 2 50 7
7 19 35 19
28 21 66 18
21 10 39 14
12 24 61 6
19 6 40 10
29 2 34 9
14 13 32 14
5 2 17 14
3 18 53 14
19 7 36 1
9 5 51 9
6 25 41 2
11 17 47 14
18 14 45 6
17 24 50 5
9 4 25 5
2 29 51 16
1 3 26 9
7 20 48 18
16 7 30 16
29 18 59 10
3 30 61 20
5 8 51 2
23 19 42 19
12 24 47 9
15 18 44 2
1 13 28 20
8 2 33 2
11 4 15 20
18 3 21 14
17 8 46 1
16 23 42 1
13 21 63 13
3 27 37 12
17 30 70 3
9 8 52 20
29 15 62 12
3 1 31 4
11 21 43 16
5 2 43 17
8 9 37 9
3 20 31 18
16 20 38 7
21 29 77 7
6 10 25 15
3 12 28 20
19 9 51 2
2 13 29 1
25 26 86 17
4 20 54 4
24 19 57 11
23 15 66 6
21 5 63 19
18 6 63 14
27 18 83 7
2 11 18 12
10 15 45 12
30 2 37 6
5 10 55 7
27 3 41 19
13 6 25 11
9 9 54 14
11 6 46 10
12 23 46 19
19 8 35 10
5 10 35 15
7 9 28 13
28 7 60 3
18 22 54 5
14 17 64 1
28 19 49 17
13 18 49 10
15 1 38 16
15 10 56 13
4 29 53 19
20 5 61 10
21 7 39 12
7 6 29 16
16 2 39 4
24 24 84 15
25 19 83 3
19 20 78 16
26 8 66 1
23 26 54 16
21 29 85 9
11 24 48 9
1 12 43 18
4 13 36 5
29 22 51 4
3 9 28 3
6 4 10 20
17 28 69 4
26 3 44 7
25 25 72 19
9 17 59 14
23 16 71 7
24 3 50 5
7 11 54 20
5 11 40 14
26 1 53 10
22 7 45 1
5 5 36 9
17 28 85 9
22 3 46 6
27 22 56 11
8 15 24 4
21 8 56 6
20 5 35 11
13 5 55 1
8 2 45 4
19 12 40 1
24 18 80 2
15 7 31 9
27 27 78 18
17 15 49 2
13 6 50 20
3 6 41 16
20 14 38 3
6 27 46 2
14 5 35 1
25 27 69 7
2 7 27 2
10 20 37 16
8 4 37 7
26 23 62 6
18 15 39 20
12 6 20 20
25 22 82 11
10 2 31 14
18 28 84 13
4 5 10 9
28 20 63 15
22 30 78 5
16 23 58 17
3 30 69 11
25 25 61 3
13 6 32 13
25 1 55 10
14 22 50 1
29 15 59 12
20 7 63 14
6 3 17 18
17 1 26 18
29 17 51 10
29 27 93 1
23 5 63 11
20 10 33 16
14 17 64 5
29 19 76 6
25 26 89 19
8 4 28 5
11 9 45 6
13 7 43 5
30 8 41 10
21 28 49 10
10 28 58 16
30 3 51 7
17 13 34 14
27 25 92 18
23 2 59 7
6 27 46 15
27 30 94 17
28 8 56 15
30 9 56 20
26 29 70 1
7 15 29 5
17 23 80 8
22 29 83 12
22 30 58 10
22 17 43 11
8 21 58 2
19 22 69 14
8 3 38 2
30 5 39 19
4 16 24 18
26 6 68 14
24 27 90 6
5 21 65 2
13 24 37 13
13 25 38 11
4 6 40 16
4 23 61 4
19 16 55 6
18 3 32 1
1 13 35 18
23 18 50 12
18 24 79 14
8 28 69 20
8 14 43 13
17 20 54 13
12 20 51 12
28 5 61 14
6 10 44 19
15 6 61 4
14 3 47 2
10 5 22 15
13 13 41 3
22 26 78 19
28 5 37 18
29 13 72 16
29 19 49 12
3 19 45 4
23 15 49 9
6 17 52 16
14 26 63 12
30 17 80 15
15 4 20 16
7 15 51 14
15 6 56 13
17 24 75 11
15 13 49 13
28 12 66 8
2 18 26 19
30 27 64 2
27 1 59 10
6 17 53 3
30 16 60 2
13 14 66 2
4 29 53 19
3 13 53 7
19 24 79 11
1 30 39 14
1 25 29 15
24 13 60 1
27 1 48 16
20 20 56 14
22 7 48 1
21 30 85 17
3 11 50 6
22 29 53 6
3 5 39 17
5 3 38 11
24 3 53 16
4 9 29 12
21 19 51 4
13 4 27 3
3 5 24 12
27 9 40 8
2 22 45 20
29 3 57 8
25 8 52 3
28 21 59 19
3 26 32 17
5 28 33 19
14 29 45 8
4 23 35 11
17 12 37 10
28 8 36 19
6 12 21 11
18 17 36 7
24 3 27 2
8 11 45 16
16 12 54 12
8 13 23 2
20 11 67 13
17 26 80 5
21 26 54 17
19 5 27 13
8 18 63 2
2 18 54 9
15 6 46 5
25 4 68 2
6 24 53 2
4 3 9 18
17 5 39 19
3 4 36 13
26 21 56 2
27 5 44 12
28 19 62 14
2 19 46 13
24 18 66 4
6 13 24 5
4 27 64 7
30 11 50 14
10 3 20 10
1 25 50 11
18 15 39 2
27 29 65 12
12 21 57 11
27 30 77 10
3 29 35 17
25 24 61 6
21 3 61 20
1 9 15 20
24 6 64 11
27 25 79 13
24 13 56 11
23 25 53 1
23 3 58 2
5 13 28 1
24 3 58 18
20 6 47 11
1 19 50 1
25 29 84 12
27 24 63 16
26 25 86 9
12 12 64 9
14 6 29 12
27 11 63 9
14 28 44 16
27 3 43 16
14 16 47 11
13 22 73 7
25 5 55 11
26 24 78 18
21 19 71 20
21 14 62 7
30 11 42 18
9 25 43 17
3 6 14 1
21 5 65 19
26 13 63 4
30 27 73 2
20 9 68 6
18 12 34 15
16 20 59 17
19 27 46 10
29 4 49 7
23 19 53 3
30 2 32 7
2 21 59 18
7 20 63 15
7 15 23 6
27 7 52 13
23 14 48 10
14 23 55 9
5 27 40 11
13 19 68 4
11 28 44 8
24 12 44 18
24 30 94 5
20 28 69 15
6 2 34 8
24 12 74 8
6 30 50 20
29 29 78 12
9 12 30 14
17 29 58 5
6 15 33 1
16 24 48 1
19 26 68 4
24 29 76 6
22 27 55 16
9 3 21 2
10 12 40 16
12 4 40 5
5 15 44 1
16 3 25 17
28 7 53 3
6 8 33 6
6 12 31 5
14 1 45 11
22 7 57 15
23 3 57 19
7 20 46 13
11 7 27 4
5 17 58 10
27 22 49 12
5 3 28 4
1 26 61 5
24 19 50 8
20 24 63 15
9 13 58 6
10 26 70 8
6 16 46 5
24 15 45 12
12 23 58 5
14 13 35 5
25 4 32 15
27 1 66 17
15 13 62 8
17 23 60 20
10 2 17 5
22 8 67 17
27 15 72 7
30 9 56 1
4 7 15 14
17 21 46 6
4 26 51 11
10 2 47 4
6 6 45 17
22 23 49 15
8 28 44 1
13 23 57 13
1 18 30 1
6 8 47 16
30 13 47 17
3 29 46 8
11 24 58 6
22 9 49 13
20 27 61 4
23 9 72 1
15 26 58 16
8 20 61 15
15 30 77 6
8 4 16 1
2 4 42 8
13 16 34 13
19 18 53 7
26 9 55 5
26 30 89 10
20 18 59 9
13 29 57 19
4 14 24 4
16 11 61 2
7 25 52 4
12 5 39 8
12 25 68 2
6 26 46 5
18 19 51 12
18 1 56 10
7 9 28 13
4 24 48 18
2 15 53 1
2 22 55 6
23 18 63 7
