300
24 13 60 1
25 25 72 19
13 19 68 4
19 5 27 13
11 25 69 7
10 26 70 8
19 26 68 4
16 30 70 11
8 4 37 7
21 19 51 4
11 21 43 16
4 16 24 18
10 20 37 16
14 3 47 2
29 15 59 12
8 28 69 20
24 3 27 2
17 28 69 4
12 20 51 12
21 29 85 9
5 10 55 7
16 23 58 17
5 2 43 17
8 20 61 15
12 24 47 9
6 13 24 5
25 26 81 15
2 19 46 13
19 18 53 7
3 27 37 12
24 19 50 8
22 7 48 1
3 4 36 13
16 2 39 4
7 9 28 13
25 26 89 19
25 5 55 11
24 18 66 4
25 1 55 10
25 4 68 2
21 8 56 6
23 2 59 7
18 3 32 1
4 29 53 19
5 15 44 1
15 26 58 16
23 3 57 19
3 12 28 20
18 19 51 12
21 14 62 7
26 25 86 9
30 17 80 15
28 5 61 14
3 6 41 16
2 21 59 18
22 2 50 7
27 3 43 16
24 29 76 6
6 8 33 6
27 24 63 16
16 20 38 7
3 6 14 1
3 30 61 20
19 6 40 10
25 27 69 7
3 9 28 3
11 17 47 14
29 4 49 7
15 10 56 13
16 20 59 17
30 9 56 20
5 27 40 11
6 4 10 20
28 12 66 8
23 15 66 6
16 23 42 1
26 1 53 10
15 7 31 9
5 3 38 11
8 2 33 2
6 25 41 2
8 9 37 9
4 13 36 5
6 27 46 2
12 5 39 8
6 17 53 3
26 3 44 7
27 1 48 16
21 19 71 20
5 13 28 1
26 6 68 14
23 25 53 1
6 3 17 18
27 1 66 17
13 29 57 19
7 11 54 20
4 20 54 4
24 24 84 15
14 17 64 1
23 14 48 10
28 7 53 3
21 26 54 17
8 13 23 2
7 6 29 16
4 29 53 19
19 22 69 14
20 24 63 15
26 13 63 4
23 5 63 11
14 1 45 11
25 8 52 3
11 9 45 6
19 9 51 2
4 26 51 11
27 29 65 12
17 13 34 14
30 27 73 2
13 22 73 7
22 7 57 15
14 17 64 5
24 3 58 18
22 29 53 6
24 15 45 12
8 21 58 2
14 28 44 16
22 26 83 7
19 24 79 11
23 16 71 7
8 2 45 4
27 1 59 10
2 29 51 16
30 2 32 7
24 18 80 2
1 13 35 18
22 26 78 19
25 22 82 11
2 22 45 20
10 2 47 4
26 14 49 20
1 18 30 1
19 20 78 16
9 13 58 6
5 28 33 19
12 12 64 9
18 12 34 15
29 2 34 9
17 5 39 19
13 4 27 3
25 25 61 3
23 15 49 9
15 30 77 6
28 23 58 20
6 27 44 7
14 16 47 11
4 5 10 9
13 10 23 7
18 1 56 10
13 21 63 13
30 16 60 2
2 15 53 1
12 25 68 2
9 17 59 14
12 24 61 6
13 7 43 5
11 28 44 8
6 12 21 11
7 19 35 19
8 28 44 1
22 26 80 14
6 15 33 1
22 27 55 16
24 6 64 11
13 16 34 13
23 19 53 3
8 4 16 1
27 22 49 12
18 14 45 6
19 16 59 15
30 13 47 17
7 20 63 15
13 24 37 13
3 5 39 17
20 28 69 15
30 27 64 2
17 24 50 5
14 26 63 12
18 27 56 15
6 12 31 5
29 19 49 12
25 29 84 12
17 29 58 5
5 3 28 4
20 14 38 3
6 16 46 5
1 9 15 20
22 8 67 17
20 10 33 16
27 25 79 13
6 10 25 15
7 9 28 13
28 8 56 15
16 7 30 16
5 2 17 14
15 6 61 4
19 16 55 6
10 2 17 5
17 23 60 20
21 5 63 19
22 3 46 6
14 6 29 12
27 22 56 11
29 27 93 1
28 8 36 19
23 14 38 18
24 12 44 18
30 2 37 6
22 15 59 19
15 6 46 5
20 9 68 6
12 6 20 20
5 8 51 2
7 15 51 14
1 26 58 5
17 26 80 5
9 5 51 9
20 5 61 10
2 7 27 2
26 24 78 18
28 19 62 14
29 19 76 6
19 7 36 1
2 11 18 12
9 12 30 14
30 11 50 14
28 20 63 15
30 5 39 19
26 8 74 15
18 6 63 14
28 5 37 18
21 3 61 20
13 23 57 13
23 3 58 2
6 6 45 17
15 30 70 20
21 5 65 19
17 28 85 9
29 29 78 12
27 11 63 9
6 2 34 8
18 15 39 2
20 27 61 4
13 25 38 11
16 12 54 12
22 7 45 1
11 30 50 4
10 12 40 16
1 25 29 15
27 5 44 12
2 18 26 19
8 15 24 4
29 15 62 12
27 30 77 10
4 9 29 12
27 18 83 7
11 7 27 4
6 26 46 5
14 5 35 1
5 27 49 3
22 17 43 11
18 24 79 14
3 30 69 11
11 4 15 20
3 5 24 12
7 30 74 6
12 23 46 19
6 24 53 2
18 15 39 20
13 14 66 2
12 23 58 5
11 18 39 13
3 18 53 14
30 9 56 1
6 30 50 20
19 27 46 10
11 24 48 9
18 28 84 13
17 15 49 2
22 30 78 5
29 17 51 10
27 27 78 18
25 4 32 15
26 9 55 5
3 19 45 4
28 7 60 3
15 13 49 13
13 18 49 10
3 13 53 7
25 19 83 3
29 22 51 4
15 6 56 13
