400
17 15 49 2
1 9 15 20
13 16 34 13
13 23 57 13
21 19 71 20
18 17 36 7
26 8 74 15
4 5 10 9
26 25 86 9
27 22 56 11
24 12 44 18
22 7 45 1
20 5 35 11
21 29 85 9
19 22 69 14
2 4 42 8
2 11 18 12
3 18 53 14
6 12 31 5
23 18 63 7
5 21 65 2
4 29 53 19
18 22 54 5
3 30 61 20
22 17 43 11
20 6 47 11
26 14 49 20
11 9 45 6
24 27 90 6
11 25 69 7
5 8 51 2
3 30 69 11
24 6 64 11
3 13 53 7
14 17 64 5
18 12 34 15
30 11 50 14
25 5 55 11
29 15 62 12
23 2 59 7
6 30 50 20
24 12 74 8
13 7 43 5
18 6 63 14
24 24 84 15
6 3 17 18
27 29 65 12
25 25 61 3
30 8 41 10
6 24 53 2
16 12 54 12
27 1 59 10
11 18 39 13
28 20 63 15
27 1 48 16
30 5 39 19
24 3 27 2
6 26 46 5
29 13 72 16
26 1 53 10
14 5 35 1
19 16 59 15
1 25 29 15
8 4 16 1
22 3 46 6
25 26 89 19
14 1 45 11
23 3 57 19
6 12 21 11
25 22 82 11
19 27 46 10
27 24 63 16
23 18 50 12
21 21 68 8
11 7 27 4
12 24 47 9
12 24 61 6
30 9 56 1
27 9 40 8
27 22 49 12
12 25 68 2
3 11 50 6
13 13 41 3
17 28 69 4
28 8 56 15
10 12 40 16
20 28 69 15
24 16 47 13
8 28 44 1
4 13 36 5
12 20 51 12
6 15 33 1
17 24 50 5
19 24 79 11
22 29 83 12
6 25 41 2
22 23 49 15
27 18 83 7
19 9 51 2
15 30 70 20
8 28 69 20
5 10 55 7
22 26 78 19
29 22 51 4
18 27 56 15
14 23 55 9
17 5 39 19
13 4 27 3
8 9 37 9
15 7 31 9
3 4 36 13
8 4 37 7
11 6 46 10
9 17 59 14
3 1 31 4
4 29 53 19
9 12 30 14
26 9 55 5
24 3 53 16
29 19 49 12
19 20 78 16
13 29 57 19
24 15 45 12
14 17 64 1
9 5 51 9
27 5 44 12
18 15 39 2
4 26 51 11
7 20 48 18
29 15 59 12
6 4 10 20
23 14 48 10
23 25 53 1
14 13 35 5
25 19 83 3
28 19 62 14
21 10 39 14
17 23 60 20
7 6 29 16
16 2 39 4
25 1 55 10
30 16 60 2
4 20 54 4
5 28 33 19
22 27 55 16
12 6 20 20
23 3 58 2
3 27 37 12
20 18 59 9
30 2 37 6
24 3 50 5
23 19 53 3
27 25 92 18
19 12 40 1
24 18 66 4
5 13 28 1
13 22 73 7
12 4 40 5
24 29 76 6
7 9 28 13
7 15 51 14
3 9 27 9
6 8 33 6
30 17 80 15
26 13 63 4
1 18 30 1
11 21 43 16
23 15 66 6
16 20 59 17
3 29 35 17
13 6 50 20
13 19 68 4
22 7 48 1
16 24 48 1
15 6 46 5
5 27 49 3
6 6 45 17
13 10 23 7
20 24 63 15
25 25 72 19
16 30 70 11
17 28 85 9
17 13 34 14
24 19 50 8
17 1 26 18
6 13 24 5
11 24 48 9
14 16 47 11
6 10 44 19
14 29 45 8
15 30 77 6
18 3 21 14
4 16 24 18
30 9 56 20
2 29 51 16
21 8 56 6
12 21 57 11
17 30 70 3
21 14 62 7
24 13 60 1
16 11 61 2
12 23 46 19
23 5 63 11
28 21 59 19
19 6 40 10
26 30 89 10
11 28 44 8
15 6 61 4
1 13 35 18
25 8 52 3
4 14 24 4
22 26 80 14
25 26 81 15
22 15 59 19
27 25 79 13
23 9 72 1
23 16 71 7
22 30 78 5
9 4 25 5
25 29 84 12
20 20 56 14
8 3 38 2
8 20 61 15
14 13 32 14
29 27 93 1
10 20 37 16
18 26 51 12
16 23 42 1
17 26 80 5
5 27 40 11
26 3 44 7
8 13 23 2
24 3 58 18
16 7 30 16
28 23 58 20
3 6 41 16
30 11 42 18
21 19 51 4
2 7 27 2
12 23 58 5
4 9 29 12
15 6 56 13
8 18 37 14
21 5 63 19
2 18 54 9
27 1 66 17
24 1 36 10
26 24 78 18
18 28 84 13
28 12 66 8
26 29 70 1
10 28 58 16
6 2 34 8
19 7 36 1
14 6 29 12
6 17 52 16
19 18 53 7
18 3 32 1
23 14 38 18
27 11 63 9
15 26 58 16
30 13 47 17
27 3 43 16
23 19 42 19
17 21 46 6
4 7 15 14
17 20 54 13
17 12 37 10
28 21 66 18
27 30 77 10
22 26 83 7
20 5 61 10
30 2 32 7
13 24 37 13
27 3 41 19
4 27 64 7
15 10 56 13
17 29 58 5
15 13 62 8
9 9 54 14
3 12 28 20
13 6 25 11
14 3 47 2
4 23 35 11
6 27 46 15
4 24 48 18
21 28 49 10
18 14 45 6
5 3 38 11
23 15 49 9
25 4 68 2
9 8 45 15
8 2 33 2
22 2 50 7
25 4 32 15
15 1 38 16
13 25 38 11
7 19 35 19
28 5 61 14
27 27 78 18
29 17 51 10
3 5 39 17
11 17 47 14
6 30 62 18
3 9 28 3
15 18 44 2
7 9 28 13
5 2 17 14
13 21 63 13
11 4 15 20
8 20 50 8
20 10 33 16
13 6 32 13
10 2 17 5
14 26 63 12
29 2 34 9
21 26 54 17
2 22 45 20
21 5 65 19
20 9 68 6
6 27 46 2
8 4 28 5
5 2 43 17
28 8 36 19
15 13 49 13
2 21 59 18
10 2 47 4
20 27 61 4
28 5 37 18
8 21 58 2
30 27 73 2
20 14 38 3
9 13 58 6
7 11 54 20
28 19 49 17
2 19 46 13
25 27 69 7
3 19 45 4
29 4 49 7
3 5 24 12
22 7 57 15
5 3 28 4
7 30 74 6
6 27 44 7
10 26 70 8
11 30 50 4
7 20 63 15
20 7 63 14
2 13 29 1
3 5 23 3
21 3 61 20
1 26 58 5
19 16 55 6
9 8 52 20
29 19 76 6
3 26 32 17
2 18 26 19
14 28 44 16
26 6 68 14
29 29 78 12
6 17 53 3
30 27 64 2
19 26 68 4
2 15 53 1
18 15 39 20
26 13 74 11
1 3 26 9
5 15 44 1
12 12 64 9
19 5 27 13
28 7 53 3
21 7 39 12
8 15 24 4
28 7 60 3
18 19 51 12
9 25 43 17
22 29 53 6
16 20 38 7
8 2 45 4
8 10 52 13
25 26 86 17
7 15 29 5
26 23 62 6
6 16 46 5
12 5 39 8
24 18 80 2
25 24 61 6
8 14 43 13
16 23 58 17
13 18 49 10
22 8 67 17
18 24 79 14
1 26 61 5
3 6 14 1
6 10 25 15
13 14 66 2
1 25 50 11
21 30 85 17
18 1 56 10
1 13 28 20
