500
21 19 51 4
30 13 47 17
7 20 63 15
6 13 24 5
22 2 50 7
13 14 66 2
9 24 56 17
26 9 67 16
5 17 58 10
5 10 35 15
14 13 35 5
10 20 37 16
16 2 39 4
20 27 61 4
3 6 14 1
24 30 72 10
23 2 59 7
3 19 45 4
18 29 85 15
8 4 16 1
25 19 83 3
15 26 58 16
2 15 53 1
11 21 43 16
22 7 57 15
24 12 74 8
1 16 23 1
30 3 51 7
11 28 44 8
8 18 37 14
17 3 23 20
12 12 64 9
19 8 35 10
18 3 32 1
5 2 39 16
20 28 69 15
11 17 47 14
6 8 33 6
30 2 32 7
26 13 63 4
14 28 65 12
13 23 57 13
8 28 44 1
28 23 58 20
25 15 77 14
4 23 35 11
30 16 60 2
29 29 78 12
7 30 74 6
2 19 46 13
24 14 51 2
3 11 50 6
25 27 69 7
15 22 40 2
1 3 26 9
7 15 51 14
3 13 53 7
17 1 26 18
5 8 51 2
13 21 63 13
28 21 59 19
5 23 28 12
2 18 54 9
15 30 70 20
13 6 50 20
16 24 65 15
12 24 61 6
24 16 47 13
15 6 31 11
9 3 21 2
19 5 27 13
29 18 59 10
20 14 38 3
7 20 46 13
2 7 27 2
10 5 22 15
28 8 36 19
6 12 31 5
18 19 51 12
23 16 71 7
21 28 49 10
30 2 37 6
24 19 57 11
27 25 92 18
22 30 58 10
22 17 43 11
17 30 70 3
11 24 58 6
6 27 44 7
20 9 68 6
17 24 75 11
6 10 44 19
2 6 18 4
24 12 44 18
24 24 84 15
24 3 27 2
3 9 28 3
1 13 35 18
30 9 58 14
30 27 64 2
25 25 61 3
8 20 61 15
27 7 52 13
21 7 39 12
27 3 43 16
4 9 29 12
2 29 51 16
6 10 25 15
8 3 38 2
6 8 47 16
30 9 56 1
17 28 85 9
17 13 34 14
2 9 17 16
6 24 53 2
17 23 80 8
18 28 84 13
29 13 72 16
9 24 57 4
8 20 50 8
23 9 72 1
26 30 89 10
17 23 60 20
17 5 39 19
27 18 83 7
22 23 49 15
19 16 59 15
5 3 28 4
8 11 45 16
15 6 61 4
29 27 93 1
9 25 43 17
19 7 36 1
16 7 30 16
27 9 40 8
9 5 51 9
27 3 41 19
15 18 44 2
5 21 65 2
4 6 40 16
5 2 43 17
22 9 49 13
29 3 57 8
3 5 23 3
23 19 42 19
13 5 55 1
8 2 45 4
3 20 31 18
21 21 68 8
23 14 48 10
7 6 25 10
17 15 49 2
25 4 32 15
16 24 48 1
1 25 50 11
19 12 40 1
3 12 28 20
7 15 53 19
17 20 54 13
5 10 55 7
5 27 40 11
8 4 28 5
21 26 54 17
29 15 62 12
27 1 66 17
8 18 63 2
12 16 56 13
6 30 62 18
11 9 45 6
19 18 53 7
25 22 82 11
3 5 24 12
6 15 33 1
13 19 68 4
23 18 50 12
13 7 43 5
14 5 35 1
28 12 66 8
22 26 83 7
20 11 67 13
3 29 46 8
16 12 54 12
2 4 42 8
15 4 20 16
13 13 41 3
26 1 53 10
29 19 49 12
18 25 44 18
3 5 39 17
7 15 29 5
7 15 23 6
27 1 48 16
28 5 37 18
1 26 61 5
29 2 41 10
2 18 26 19
14 28 44 16
8 10 52 13
5 2 17 14
5 13 28 1
4 7 15 14
3 30 61 20
10 5 49 17
21 29 85 9
4 3 9 18
8 28 69 20
14 6 29 12
4 29 53 19
19 6 40 10
19 16 55 6
4 13 36 5
13 11 56 19
9 9 54 14
21 8 56 6
21 5 65 19
14 26 63 12
7 19 35 19
27 5 44 12
18 14 45 6
14 17 64 1
15 30 77 6
5 11 40 14
29 17 51 10
18 3 21 14
4 16 24 18
4 23 61 4
16 11 61 2
18 5 32 7
10 3 20 10
22 15 59 19
15 13 62 8
7 9 28 13
3 4 36 13
10 15 45 12
5 5 36 9
18 22 54 5
5 27 49 3
4 5 10 9
1 26 58 5
19 9 51 2
17 29 58 5
18 24 79 14
21 3 61 20
22 29 83 12
22 1 25 5
20 5 61 10
22 2 45 19
21 10 39 14
24 13 60 1
28 20 63 15
6 26 46 5
11 24 48 9
14 1 45 11
20 18 59 9
17 21 46 6
10 12 40 16
13 10 23 7
22 7 48 1
17 12 37 10
19 27 46 10
26 9 55 5
26 23 62 6
6 3 17 18
24 29 76 6
26 21 56 2
3 1 31 4
4 24 48 18
17 28 69 4
8 4 37 7
23 5 63 11
25 1 55 10
8 21 58 2
13 6 25 11
14 4 25 16
4 20 54 4
6 2 34 8
25 8 52 3
8 16 64 1
11 6 46 10
23 3 57 19
20 10 33 16
4 29 53 19
13 4 27 3
7 29 61 17
22 26 80 14
9 12 30 14
8 2 33 2
29 15 59 12
22 3 35 9
28 7 53 3
12 23 46 19
1 12 43 18
13 25 38 11
19 24 79 11
9 4 25 5
2 22 45 20
6 12 21 11
24 18 80 2
24 13 56 11
23 18 63 7
23 14 38 18
14 22 50 1
9 12 46 3
8 15 24 4
10 2 17 5
2 22 55 6
9 17 59 14
26 6 68 14
15 6 46 5
20 27 58 15
23 25 53 1
17 8 46 1
12 25 68 2
21 5 63 19
12 5 39 8
22 3 46 6
30 9 56 20
14 3 47 2
6 30 50 20
28 21 66 18
11 18 39 13
24 3 53 16
23 15 66 6
20 24 63 15
9 13 58 6
22 30 78 5
18 19 75 12
3 27 37 12
17 24 50 5
7 6 29 16
10 28 58 16
13 8 33 5
19 22 45 8
25 25 72 19
24 1 36 10
6 17 52 16
13 24 37 13
25 24 61 6
27 11 63 9
28 19 62 14
8 14 43 13
30 11 42 18
27 17 72 20
15 13 49 13
15 3 34 19
9 8 45 15
18 19 61 2
7 20 48 18
2 11 18 12
24 27 90 6
1 30 39 14
27 15 72 7
25 26 89 19
11 4 15 20
10 2 47 4
20 5 35 11
8 13 23 2
26 25 86 9
25 4 68 2
3 30 69 11
13 30 69 16
4 27 64 7
27 24 63 16
26 29 70 1
21 30 85 17
28 7 60 3
24 15 45 12
25 29 84 12
3 26 32 17
1 13 28 20
25 5 55 11
3 9 27 9
23 19 53 3
1 25 29 15
21 19 71 20
22 26 78 19
10 26 70 8
6 27 46 2
22 7 45 1
30 11 50 14
13 6 32 13
29 22 51 4
24 3 58 18
15 1 38 16
25 26 86 17
22 8 67 17
15 5 60 1
23 15 49 9
29 4 49 7
24 30 94 5
14 23 55 9
17 26 80 5
11 7 27 4
1 18 30 1
20 7 63 14
3 18 53 14
4 12 45 16
23 5 38 11
10 2 31 14
7 25 52 4
6 16 46 5
27 1 59 10
18 15 39 2
2 21 59 18
13 18 49 10
18 26 51 12
18 17 36 7
26 24 78 18
14 29 45 8
18 15 39 20
23 26 54 16
18 27 56 15
18 1 56 10
21 6 65 5
22 27 55 16
5 15 44 1
27 27 78 18
12 6 20 20
25 26 81 15
14 13 32 14
26 14 49 20
29 2 34 9
14 17 64 5
5 3 38 11
12 24 47 9
19 22 69 14
18 6 63 14
9 8 52 20
4 14 24 4
11 25 69 7
6 27 46 15
30 8 41 10
2 13 29 1
6 4 10 20
6 6 45 17
16 23 42 1
27 30 94 17
11 13 53 17
7 5 44 20
13 22 73 7
26 8 74 15
27 25 79 13
27 29 65 12
12 23 58 5
22 29 53 6
3 29 35 17
8 9 37 9
21 14 62 7
12 21 57 11
24 6 64 11
16 20 59 17
3 6 41 16
15 6 56 13
26 3 44 7
27 22 56 11
13 29 57 19
1 9 15 20
15 7 31 9
27 30 77 10
28 19 49 17
24 3 50 5
26 8 66 1
16 20 63 16
28 5 61 14
7 9 28 13
30 5 39 19
13 16 34 13
19 26 68 4
6 25 41 2
14 16 47 11
23 3 58 2
24 19 50 8
27 22 49 12
20 6 47 11
7 11 54 20
24 18 66 4
26 13 74 11
16 23 58 17
15 10 56 13
19 20 78 16
12 4 40 5
25 12 50 3
28 8 56 15
16 30 70 11
16 3 25 17
29 19 76 6
21 29 77 7
4 26 51 11
30 17 80 15
18 15 51 17
12 20 51 12
16 20 38 7
5 28 33 19
6 17 57 13
30 27 73 2
11 30 50 4
18 12 34 15
20 20 56 14
1 19 50 1
6 17 53 3
