150
18 28 84 13
18 24 79 14
5 13 28 1
18 14 45 6
26 3 44 7
23 15 49 9
27 11 63 9
26 6 68 14
14 1 45 11
20 10 33 16
18 12 34 15
28 7 53 3
21 5 65 19
13 29 57 19
24 29 76 6
3 12 28 20
26 24 78 18
2 11 18 12
29 15 62 12
27 1 48 16
18 3 32 1
10 2 47 4
10 2 17 5
29 19 49 12
15 7 31 9
27 24 63 16
13 22 73 7
13 25 38 11
15 6 56 13
6 27 46 2
5 3 38 11
6 10 25 15
15 10 56 13
5 27 49 3
23 19 53 3
6 30 50 20
5 15 44 1
8 4 16 1
29 4 49 7
28 12 66 8
5 27 40 11
2 21 59 18
13 4 27 3
3 27 37 12
22 7 45 1
21 3 61 20
30 13 47 17
19 16 59 15
6 13 24 5
14 17 64 5
27 18 83 7
19 9 51 2
20 5 61 10
23 25 53 1
14 3 47 2
19 27 46 10
22 26 83 7
26 9 55 5
26 13 63 4
27 25 79 13
7 30 74 6
27 3 43 16
30 11 50 14
13 21 63 13
12 20 51 12
25 26 81 15
23 15 66 6
3 6 14 1
21 29 85 9
8 4 37 7
16 20 38 7
25 25 61 3
2 22 45 20
26 25 86 9
11 25 69 7
3 9 28 3
28 23 58 20
13 14 66 2
4 29 53 19
25 4 32 15
23 16 71 7
30 9 56 20
11 4 15 20
24 12 44 18
7 9 28 13
28 5 37 18
2 7 27 2
18 15 39 20
25 4 68 2
4 13 36 5
29 2 34 9
15 26 58 16
30 27 73 2
22 27 55 16
23 5 63 11
8 13 23 2
27 27 78 18
13 7 43 5
15 6 46 5
17 5 39 19
5 3 28 4
8 28 44 1
27 29 65 12
14 28 44 16
24 24 84 15
27 30 77 10
29 19 76 6
28 8 36 19
22 3 46 6
21 14 62 7
5 8 51 2
28 8 56 15
7 19 35 19
27 1 66 17
30 27 64 2
6 12 21 11
14 6 29 12
22 26 78 19
25 26 89 19
16 20 59 17
16 2 39 4
3 5 39 17
6 3 17 18
8 2 33 2
13 19 68 4
10 12 40 16
9 17 59 14
9 5 51 9
2 19 46 13
14 16 47 11
24 18 80 2
13 10 23 7
29 22 51 4
12 25 68 2
25 27 69 7
16 23 42 1
6 12 31 5
18 6 63 14
15 30 77 6
14 5 35 1
11 7 27 4
8 15 24 4
6 15 33 1
11 24 48 9
12 5 39 8
19 22 69 14
12 12 64 9
27 22 49 12
5 28 33 19
19 7 36 1
