250
11 25 69 7
7 15 51 14
5 27 40 11
12 20 51 12
6 12 21 11
30 27 73 2
6 3 17 18
3 5 24 12
14 17 64 5
19 24 79 11
2 22 45 20
12 24 61 6
10 20 37 16
16 20 38 7
15 30 77 6
11 4 15 20
13 24 37 13
24 18 80 2
7 6 29 16
10 12 40 16
3 19 45 4
14 28 44 16
23 15 49 9
6 25 41 2
6 27 44 7
21 19 51 4
13 25 38 11
6 6 45 17
27 29 65 12
2 11 18 12
29 19 76 6
18 24 79 14
28 8 36 19
6 12 31 5
7 20 63 15
18 12 34 15
12 23 46 19
15 6 56 13
27 25 79 13
15 13 49 13
4 13 36 5
13 19 68 4
3 4 36 13
5 3 28 4
19 9 51 2
15 6 46 5
6 30 50 20
30 16 60 2
14 1 45 11
24 6 64 11
27 22 49 12
3 13 53 7
6 27 46 2
28 5 61 14
7 9 28 13
23 3 58 2
24 29 76 6
2 7 27 2
25 26 81 15
29 15 59 12
12 23 58 5
26 1 53 10
20 5 61 10
14 16 47 11
25 25 61 3
16 12 54 12
24 19 50 8
24 12 44 18
5 2 43 17
15 6 61 4
29 17 51 10
7 30 74 6
6 17 53 3
28 19 62 14
26 9 55 5
22 7 57 15
20 28 69 15
25 4 68 2
12 12 64 9
2 19 46 13
26 6 68 14
13 21 63 13
30 2 37 6
6 15 33 1
8 28 69 20
18 15 39 2
22 3 46 6
24 18 66 4
26 3 44 7
27 24 63 16
27 18 83 7
3 27 37 12
22 2 50 7
6 8 33 6
7 9 28 13
14 6 29 12
10 2 17 5
15 30 70 20
15 7 31 9
19 16 55 6
22 7 45 1
27 27 78 18
5 8 51 2
23 25 53 1
13 4 27 3
26 25 86 9
25 4 32 15
6 13 24 5
25 27 69 7
21 14 62 7
24 3 27 2
22 30 78 5
30 2 32 7
19 7 36 1
5 28 33 19
21 8 56 6
26 8 74 15
2 21 59 18
3 6 14 1
29 22 51 4
14 17 64 1
15 26 58 16
19 22 69 14
23 19 53 3
24 3 58 18
30 11 50 14
23 16 71 7
3 6 41 16
18 28 84 13
30 5 39 19
5 13 28 1
3 5 39 17
9 17 59 14
29 15 62 12
18 15 39 20
10 2 47 4
1 26 58 5
8 4 37 7
13 29 57 19
27 30 77 10
29 19 49 12
21 26 54 17
5 15 44 1
5 27 49 3
22 29 53 6
22 15 59 19
8 4 16 1
28 12 66 8
3 12 28 20
25 26 89 19
19 16 59 15
18 6 63 14
28 5 37 18
30 27 64 2
27 1 59 10
23 15 66 6
21 29 85 9
16 23 58 17
18 27 56 15
28 7 53 3
6 24 53 2
23 5 63 11
16 30 70 11
4 26 51 11
13 7 43 5
20 24 63 15
30 13 47 17
13 22 73 7
19 18 53 7
11 9 45 6
30 9 56 1
17 13 34 14
26 24 78 18
16 23 42 1
4 5 10 9
18 3 32 1
29 2 34 9
2 29 51 16
27 11 63 9
21 3 61 20
11 28 44 8
11 18 39 13
14 3 47 2
7 19 35 19
8 21 58 2
13 23 57 13
4 29 53 19
14 5 35 1
25 19 83 3
20 14 38 3
25 8 52 3
27 1 48 16
27 1 66 17
19 20 78 16
28 8 56 15
2 15 53 1
28 20 63 15
16 2 39 4
16 7 30 16
13 10 23 7
12 5 39 8
12 24 47 9
19 27 46 10
12 25 68 2
13 18 49 10
17 5 39 19
16 20 59 17
3 18 53 14
4 29 53 19
24 24 84 15
19 6 40 10
8 28 44 1
22 26 78 19
11 7 27 4
29 4 49 7
3 30 69 11
29 29 78 12
28 23 58 20
21 5 65 19
25 29 84 12
23 3 57 19
8 2 33 2
11 30 50 4
22 8 67 17
22 26 80 14
15 10 56 13
22 26 83 7
6 4 10 20
3 9 28 3
20 27 61 4
25 22 82 11
25 5 55 11
26 13 63 4
5 3 38 11
22 27 55 16
22 17 43 11
8 15 24 4
27 3 43 16
11 24 48 9
13 14 66 2
30 9 56 20
20 10 33 16
28 7 60 3
25 1 55 10
24 13 60 1
9 5 51 9
7 11 54 20
18 14 45 6
8 13 23 2
6 10 25 15
