1000
20 711 1457 0
14 4628 9272 0
2 2942 5906 0
4 948 1920 0
8 2157 4332 0
30 1793 3621 0
13 5285 10603 0
30 4884 9823 0
3 5315 10640 0
26 4023 8076 0
20 1841 3714 0
15 2223 4455 17
10 3109 6239 0
26 128 293 0
17 16 67 0
23 2208 4459 0
11 2156 4329 0
18 1056 2155 0
18 3153 6340 0
25 2812 5668 0
23 3028 6091 0
5 2933 5903 0
7 3585 7200 0
12 5068 10178 0
13 861 1760 0
18 3858 7761 0
12 2337 4684 0
17 3678 7395 0
19 2938 5904 0
19 2133 4296 0
9 19 65 0
7 4076 8171 0
10 2682 5398 0
3 3626 7265 0
19 4453 8928 0
15 867 1756 0
3 1186 2411 0
25 4383 8809 0
14 4808 9658 0
16 1885 3815 0
16 1853 3732 0
13 3842 7711 0
27 46 146 0
17 3674 7380 0
7 2748 5529 0
8 1188 2392 0
20 1419 2873 0
5 3624 7267 0
7 4851 9726 0
7 3687 7388 0
18 415 876 0
20 3547 7135 0
5 3599 7201 0
16 3908 7848 0
1 2040 4102 0
14 1057 2150 0
5 1079 2192 0
8 2274 4577 0
8 3913 7848 0
29 2424 4877 0
7 3306 6635 0
24 2932 5890 0
1 5410 10827 0
21 3940 7912 0
30 225 506 0
21 4162 8372 0
6 4200 8430 0
27 2519 5079 0
1 3174 6363 0
21 1422 2892 0
21 3789 7606 0
18 4355 8736 0
13 352 726 0
12 2732 5488 0
7 96 210 0
5 1720 3445 0
14 735 1493 0
5 974 1960 0
19 564 1171 0
12 3749 7526 0
14 1300 2618 0
28 5186 10408 0
18 5254 10553 0
18 2591 5208 0
13 781 1607 0
30 4540 9138 0
15 5458 10938 0
5 5016 10052 0
26 1556 3147 0
6 3373 6761 0
14 3293 6624 0
30 1966 3973 0
2 4463 8938 0
6 2860 5755 0
15 2883 5791 0
7 4659 9355 0
17 2680 5385 0
19 3616 7269 0
20 546 1133 0
16 459 959 0
27 1061 2159 0
17 3863 7761 0
30 2846 5719 0
12 2066 4143 0
30 5048 10150 0
1 3233 6478 0
4 1358 2725 0
7 241 496 0
16 3498 7016 0
29 263 575 0
28 592 1237 0
8 1280 2591 0
24 2297 4645 0
2 1536 3094 0
27 4136 8318 0
12 1687 3391 0
2 4523 9074 0
29 5276 10599 0
10 932 1879 0
4 4870 9746 0
29 2701 5450 0
29 1161 2380 0
6 1283 2589 0
5 4735 9490 0
3 623 1285 0
6 3284 6576 0
11 2569 5150 0
28 2357 4755 0
13 166 374 0
27 3579 7205 0
1 4012 8029 0
8 3889 7796 0
2 2197 4426 0
13 4785 9612 0
21 1139 2300 0
16 2902 5825 0
20 1675 3390 0
7 233 502 0
12 1303 2636 0
30 621 1284 0
17 2472 4981 0
6 3442 6917 0
11 2488 4999 0
4 2836 5704 0
9 2224 4472 0
7 3105 6222 0
28 83 194 0
27 103 255 0
26 721 1482 0
21 3704 7455 0
27 2983 6015 0
11 3509 7033 0
16 4530 9076 0
3 2562 5151 0
10 161 347 0
24 2787 5621 0
8 4081 8193 0
5 876 1776 0
4 3493 7005 0
8 4090 8194 0
27 1248 2530 0
25 400 830 0
13 4239 8499 0
5 1297 2627 0
29 3143 6333 0
5 2797 5619 0
12 382 797 0
25 3400 6844 0
25 2724 5472 0
18 544 1133 0
22 3009 6063 0
24 174 387 0
1 488 979 0
8 2309 4637 0
10 2773 5564 0
29 4035 8110 0
5 4903 9826 0
18 54 154 0
4 4074 8170 0
7 4333 8680 0
29 2320 4677 0
8 1350 2733 0
22 2743 5512 0
10 2878 5761 0
11 1962 3955 0
21 4715 9464 0
25 675 1399 0
26 1332 2714 0
2 4125 8257 0
25 2954 5946 0
15 2528 5078 0
20 1099 2218 0
4 2105 4231 0
20 1455 2950 0
17 914 1857 0
4 3091 6207 0
1 1309 2642 0
14 4308 8652 0
1 2119 4251 0
18 3899 7826 0
15 630 1281 0
3 693 1397 0
29 346 739 0
13 2474 4983 0
9 4298 8607 0
12 120 269 0
20 328 695 0
9 5112 10254 0
8 426 861 0
29 221 477 0
17 1738 3503 0
6 751 1526 0
19 4754 9528 0
20 4228 8496 0
11 1899 3843 0
12 1552 3136 0
15 2993 6028 0
14 2347 4716 0
12 89 220 0
27 3643 7320 0
14 2165 4350 0
11 4564 9145 0
19 5010 10058 0
9 3456 6947 0
6 1805 3638 0
6 3641 7294 0
18 2081 4206 17
14 3487 6994 0
13 1952 3916 0
15 1485 3014 0
22 5092 10208 0
13 801 1630 0
19 3134 6316 0
21 2638 5312 0
6 1636 3284 0
6 2586 5177 0
8 3856 7725 0
19 4960 9948 0
7 2740 5513 0
11 4189 8410 0
28 3697 7436 0
5 498 1019 0
25 1746 3546 0
3 1401 2810 0
24 1425 2902 0
18 3297 6631 0
25 4208 8454 0
27 889 1807 0
1 3466 6942 0
21 5019 10064 0
17 3880 7774 0
12 4913 9838 0
12 3488 7005 0
5 5184 10387 0
15 5417 10847 0
7 2383 4794 0
27 5288 10620 0
25 405 855 0
26 3799 7641 0
6 2414 4852 0
7 4318 8650 0
28 1456 2963 0
2 417 862 0
5 4006 8022 0
12 189 416 0
22 724 1500 0
7 760 1548 0
27 840 1725 0
12 3036 6097 0
12 1915 3866 0
23 3289 6604 0
29 2976 6014 0
28 1108 2261 0
15 4764 9553 0
11 5401 10816 0
15 570 1177 0
1 4490 8983 0
27 2827 5704 0
3 3727 7481 0
26 3133 6311 0
17 1894 3822 0
16 2284 4589 0
15 984 1984 0
2 4621 9245 0
23 4191 8415 0
23 1909 3846 0
6 2614 5242 0
22 2457 4956 0
24 1086 2208 0
16 4439 8910 0
17 4282 8583 0
15 1503 3032 0
22 1219 2476 0
20 4581 9192 0
18 468 964 0
12 1758 3534 0
22 1015 2070 0
19 3984 7988 0
28 3431 6910 0
17 3330 6680 0
3 1090 2189 0
9 2300 4635 0
14 820 1674 0
16 4794 9610 0
16 3223 6471 0
12 4787 9597 0
15 5229 10491 0
12 3931 7883 0
20 1163 2380 0
25 585 1214 0
18 3739 7516 0
8 3942 7912 0
7 742 1503 0
28 292 621 0
14 4133 8282 0
25 520 1091 0
21 3068 6183 0
1 644 1302 0
5 1374 2769 0
15 4934 9892 0
24 1798 3650 0
9 4589 9206 0
30 1818 3680 0
23 1977 4003 0
3 4821 9651 0
14 2683 5398 0
16 3690 7404 0
7 3410 6853 0
18 1349 2746 0
1 438 899 0
10 3212 6448 0
11 3681 7391 0
27 536 1126 0
14 3096 6235 0
2 1716 3459 0
27 4633 9322 0
24 5473 10968 0
19 1976 3999 0
8 4600 9219 0
26 2749 5533 0
4 2537 5102 0
21 1313 2653 0
12 1851 3724 0
11 2230 4475 0
15 138 314 0
14 5270 10563 0
6 5082 10195 0
25 44 142 0
8 4681 9387 0
25 321 670 0
15 2816 5672 0
5 2329 4686 0
15 1729 3472 0
5 1625 3261 0
1 1286 2582 0
22 449 929 0
2 2678 5364 0
10 2892 5800 0
16 3029 6097 0
24 3956 7935 0
28 660 1354 0
25 3332 6713 0
30 1152 2362 0
9 5371 10753 0
2 4400 8819 0
24 1646 3313 0
10 4501 9010 0
4 4668 9344 0
8 4838 9700 0
24 2734 5506 0
3 3316 6637 0
26 4 60 13
13 4071 8171 0
12 5124 10269 0
15 4953 9932 0
10 641 1315 0
6 1392 2800 0
15 1492 3013 0
25 2004 4038 0
5 5017 10051 0
4 4021 8059 0
12 5206 10423 0
5 4690 9392 0
6 2304 4621 0
7 2025 4055 0
6 960 1950 0
28 4179 8402 0
21 1744 3509 0
20 2293 4622 0
30 1867 3779 0
4 1466 2961 0
3 1201 2435 0
4 3651 7326 0
6 304 633 0
3 890 1816 0
9 5260 10548 0
18 3084 6211 0
22 187 415 0
3 2919 5854 0
6 3516 7050 0
1 5354 10716 0
3 2013 4052 0
23 3340 6727 0
11 4362 8756 0
12 1115 2266 0
18 1256 2555 0
28 830 1696 0
17 501 1023 0
28 1295 2610 0
14 946 1928 0
15 4080 8185 0
27 4509 9062 0
3 4277 8560 0
16 1766 3557 0
19 3356 6738 0
20 3090 6211 0
22 4374 8777 0
19 3764 7563 0
10 2770 5574 0
30 777 1590 0
1 698 1408 0
15 4991 10004 0
30 1184 2408 0
14 4457 8945 0
13 4116 8257 0
4 1033 2084 0
24 2759 5568 0
14 2350 4738 0
16 5141 10314 0
22 2819 5681 0
8 4040 8118 0
16 1417 2876 0
15 2259 4551 0
26 3526 7080 0
29 3434 6923 0
4 2555 5115 0
7 4388 8809 0
17 5258 10546 0
22 667 1384 0
7 4172 8361 0
5 4051 8134 0
16 908 1855 0
26 5386 10823 0
7 5102 10228 0
1 142 305 0
7 1582 3197 0
20 2405 4840 0
28 671 1390 0
25 4422 8892 0
28 1075 2186 0
9 1650 3329 0
5 4364 8748 0
23 571 1182 0
14 2441 4928 0
5 2639 5312 0
23 11 65 0
25 3607 7244 0
18 4376 8791 0
20 4468 8961 0
6 1629 3273 0
5 1041 2085 0
10 4111 8239 0
30 3246 6543 0
26 2268 4569 0
30 1475 2979 0
30 4258 8568 0
11 3923 7872 0
14 4674 9387 0
3 1433 2863 0
4 2577 5165 0
21 530 1096 0
25 2349 4745 0
28 2437 4905 0
15 1618 3278 0
28 2971 5994 0
12 2234 4495 0
4 2654 5323 0
26 3076 6194 0
30 2365 4786 0
29 2850 5764 0
10 73 176 0
23 1995 4037 0
12 1863 3751 0
21 1334 2716 0
21 917 1870 0
19 905 1850 0
25 1970 4001 0
3 4000 8016 0
27 1225 2494 0
24 1231 2512 0
11 1498 3019 0
11 4707 9441 0
14 474 980 0
13 4019 8072 0
25 5219 10471 0
29 921 1897 0
2 2717 5444 0
4 3560 7128 0
21 1831 3707 0
7 4204 8417 0
2 4607 9221 0
10 2395 4802 0
23 1 30 5
9 3087 6208 0
17 3364 6756 0
7 5374 10787 0
19 361 745 0
30 4322 8683 0
20 99 224 0
26 936 1915 0
6 3276 6564 0
18 378 790 0
10 252 544 0
21 4065 8167 0
24 3714 7470 0
21 4923 9880 0
22 2964 5959 0
2 2175 4365 0
13 3383 6795 0
18 3575 7196 0
15 3543 7130 0
6 3894 7806 0
13 3267 6550 0
30 1051 2157 0
11 705 1419 0
4 1564 3156 0
8 4727 9474 0
12 2728 5490 0
23 1544 3112 0
28 3857 7749 0
23 1823 3701 0
17 3414 6868 0
4 1877 3778 0
11 968 1957 0
20 5160 10347 0
28 805 1646 0
11 5168 10372 0
7 4466 8939 0
25 2196 4439 0
1 4484 8995 0
23 3730 7497 0
22 2765 5576 0
14 3961 7957 0
25 5067 10175 0
8 286 592 0
4 4929 9877 0
18 1281 2590 0
9 3975 7987 0
26 3390 6813 0
11 5480 10992 0
6 282 585 0
16 3590 7205 0
5 652 1311 0
7 5397 10810 0
3 4494 8991 0
3 551 1129 0
1 1655 3324 0
27 5072 10185 0
15 3755 7540 0
21 683 1406 0
11 4918 9864 0
26 940 1924 0
22 5438 10922 0
14 2104 4247 0
22 4478 8981 0
25 4880 9805 0
27 43 134 0
3 1265 2549 0
26 1710 3465 0
16 3117 6253 0
8 1132 2305 0
7 2146 4330 0
10 4721 9467 0
6 3639 7292 0
9 4232 8496 0
16 2128 4272 0
24 3816 7671 0
11 5243 10518 0
7 3172 6351 0
30 2098 4254 0
19 3990 8021 0
4 610 1217 0
6 4576 9182 0
21 5478 11003 0
28 2143 4345 0
15 505 1048 0
3 335 694 0
3 1705 3433 0
30 1968 3994 0
29 1438 2912 0
24 3628 7286 0
28 4152 8360 0
19 855 1748 0
29 4434 8903 0
3 1780 3569 0
12 33 94 0
21 904 1850 0
26 1880 3788 0
19 4549 9144 0
11 4469 8970 0
25 4781 9600 0
25 1048 2123 0
6 2833 5678 0
23 3718 7488 0
8 2669 5367 0
3 994 2003 0
17 4981 9990 0
17 2497 5019 0
26 454 960 0
23 1597 3234 0
14 938 1915 0
26 612 1253 0
28 1898 3842 0
10 5448 10923 0
14 5179 10376 0
4 2621 5251 0
22 515 1065 0
17 2863 5753 0
26 5373 10781 0
19 2779 5581 0
26 3092 6215 0
14 3808 7651 0
11 5150 10325 0
6 1748 3525 0
22 2629 5280 0
4 2868 5757 0
4 2314 4636 0
11 2608 5255 0
29 2074 4181 0
14 2199 4417 0
8 121 265 0
29 5378 10792 0
21 2557 5140 0
30 3046 6133 0
5 5364 10724 0
11 312 637 0
25 856 1760 0
18 4217 8460 0
20 4632 9297 0
16 4458 8953 0
16 3199 6429 0
7 2385 4792 0
25 251 534 17
19 4252 8531 0
2 4461 8945 0
22 2200 4442 0
18 2039 4116 0
21 272 593 0
19 873 1787 0
1 2239 4486 0
1 4646 9308 0
25 199 426 0
12 443 895 0
15 3422 6879 0
29 4343 8735 0
18 2913 5855 0
5 1784 3572 0
11 1197 2422 0
20 1598 3242 0
14 1011 2051 0
11 880 1775 0
2 4331 8677 0
26 2185 4398 0
6 2433 4876 0
13 4367 8750 0
12 1519 3046 0
24 955 1933 0
27 2447 4934 0
7 4843 9705 0
20 848 1743 0
28 534 1101 0
19 4697 9420 0
11 961 1943 0
20 1526 3079 0
19 756 1539 0
21 5253 10529 0
1 1982 3989 0
23 1381 2791 0
15 5111 10236 0
22 4518 9080 0
23 3000 6032 0
5 3591 7210 0
23 1024 2092 0
5 5037 10079 0
15 4016 8045 0
26 4964 9975 0
24 678 1408 0
3 1608 3243 0
12 2351 4728 0
12 1195 2409 0
19 184 407 0
1 600 1229 0
5 4210 8449 0
18 4892 9833 0
1 5196 10416 0
17 13 72 0
25 1696 3423 0
10 1846 3719 0
2 3824 7662 0
5 4273 8583 0
13 2520 5080 0
21 4537 9107 0
8 5334 10688 0
16 3444 6917 0
18 1007 2049 0
20 4151 8326 0
6 2056 4124 0
4 3275 6565 0
23 1323 2687 0
15 435 889 0
23 3408 6860 0
19 25 76 0
7 2832 5695 0
18 205 456 0
20 3960 7960 0
30 1922 3886 0
2 2243 4495 0
2 1948 3894 943136824
6 1554 3124 0
19 4061 8177 0
12 3907 7841 0
22 2604 5245 0
14 4556 9134 0
7 2016 4042 0
14 4029 8094 0
5 2926 5863 0
29 2142 4323 0
26 786 1621 0
21 4192 8431 0
4 215 450 0
10 749 1514 0
3 4147 8322 0
8 1282 2593 0
5 4430 8884 0
11 554 1121 0
14 3833 7675 0
17 2453 4950 0
21 4268 8584 0
18 297 637 0
13 2699 5428 0
11 4227 8479 0
6 3782 7576 0
9 3500 7026 0
12 4641 9322 0
2 3264 6535 0
3 1571 3150 0
13 1816 3651 0
15 3214 6453 0
3 2707 5450 0
12 1242 2502 0
4 697 1398 0
21 3914 7865 0
26 1275 2578 0
10 4560 9144 0
28 1131 2292 0
2 4744 9494 0
20 1366 2748 0
22 2511 5064 13
9 2961 5949 0
17 2381 4806 0
23 1957 3949 0
20 3424 6886 0
12 3738 7506 0
25 2192 4431 0
19 4897 9836 0
5 688 1409 0
17 2781 5599 0
16 4177 8376 0
6 532 1079 0
25 2034 4095 0
20 4307 8643 0
17 4730 9489 0
19 1340 2720 0
18 4848 9724 0
18 3205 6447 0
16 3148 6343 0
9 4611 9235 0
16 3692 7414 0
28 1615 3260 0
21 1910 3864 0
21 2295 4638 0
3 2369 4777 0
18 3533 7111 0
26 4412 8855 0
27 2530 5106 0
29 3966 7971 0
26 4142 8332 0
21 899 1851 0
20 1603 3247 0
1 4289 8591 0
7 5255 10544 0
25 3062 6165 0
7 5390 10816 0
13 3691 7420 0
11 4961 9958 0
19 2249 4522 0
18 341 703 0
23 1575 3178 0
23 164 367 0
26 3124 6284 0
2 5464 10948 0
7 3638 7302 0
23 782 1604 0
20 492 1005 0
17 5046 10106 0
8 1623 3261 0
13 581 1196 0
22 2945 5912 0
22 412 868 0
28 1986 4004 0
1 802 1626 0
9 3207 6442 0
2 5300 10605 0
25 4391 8811 0
26 4269 8590 0
20 3941 7929 0
6 1999 4025 0
22 1199 2432 0
27 2299 4652 0
13 4166 8365 0
20 4772 9572 0
29 632 1309 0
11 4437 8914 0
4 4861 9731 0
15 4338 8697 0
7 4236 8491 0
13 371 771 0
11 3255 6549 0
10 1070 2172 0
4 5028 10077 0
2 4107 8241 0
13 4878 9768 0
11 2714 5473 0
13 1679 3395 0
21 4385 8822 0
27 1409 2846 0
7 5266 10547 0
19 151 320 0
22 5134 10298 0
8 3728 7471 0
21 2659 5346 0
24 3448 6937 0
19 813 1655 0
27 4670 9378 0
5 3460 6935 0
24 3416 6871 0
14 3381 6777 0
1 1509 3034 0
7 5344 10696 0
1 486 992 0
8 2484 4975 0
7 1772 3571 0
9 391 799 0
16 4963 9960 0
3 4828 9664 0
28 686 1419 0
8 4248 8512 0
18 2665 5372 0
29 63 168 0
17 4974 9985 0
8 4836 9679 0
19 2600 5234 0
21 1665 3350 0
11 4507 9037 0
8 2426 4892 0
22 1000 2026 0
10 3669 7363 0
21 4516 9076 0
19 1967 3989 0
6 4346 8727 0
6 4350 8709 0
15 1179 2393 0
22 4572 9179 0
13 4550 9134 0
1 1938 3881 0
13 1081 2178 0
14 3570 7155 0
17 3659 7338 0
27 2547 5117 0
1 1426 2878 0
25 5435 10918 0
7 1396 2806 0
7 787 1610 0
22 792 1611 0
28 1144 2337 0
14 482 987 0
13 1383 2803 17
5 3184 6377 0
1 3520 7043 0
19 2644 5312 0
22 1706 3445 0
14 3413 6846 0
28 559 1161 0
9 2906 5839 0
21 2095 4242 0
25 1445 2939 0
27 4801 9647 0
7 4403 8814 0
14 614 1276 0
17 1230 2501 0
3 3162 6343 0
7 3476 6952 0
28 4636 9328 0
5 5331 10682 0
19 2803 5632 0
1 350 730 0
7 3483 6979 0
25 841 1738 0
5 3775 7568 0
25 870 1783 0
7 770 1546 0
30 5428 10899 0
19 2690 5414 0
22 4195 8432 0
10 4443 8913 0
27 2711 5451 808525874
21 4522 9087 0
9 732 1490 0
9 4407 8832 0
11 3348 6729 0
15 5323 10673 0
19 1767 3577 0
4 1235 2500 0
24 2834 5703 0
8 4936 9899 0
5 531 1095 0
15 137 308 0
30 4097 8235 0
14 1592 3197 0
13 4648 9312 0
2 3947 7909 0
30 2086 4223 0
20 2111 4244 0
18 2507 5047 0
10 1620 3273 0
20 3238 6492 0
15 5212 10449 0
14 5117 10262 0
17 4381 8792 0
16 3052 6147 0
15 4592 9210 0
14 934 1896 0
17 1870 3792 0
25 5058 10167 0
12 4945 9911 0
21 3767 7578 0
28 4049 8135 0
1 2553 5130 0
19 5421 10875 0
19 39 106 0
12 5321 10652 0
1 4818 9647 0
6 3552 7131 0
18 1305 2639 0
4 3181 6364 0
16 3818 7682 0
23 5001 10031 0
10 4324 8686 0
30 3094 6252 0
18 3549 7144 0
2 2214 4456 0
5 1123 2257 0
10 1929 3898 0
7 1087 2208 0
23 2375 4772 0
30 4653 9353 0
16 3019 6070 0
26 1343 2737 0
13 525 1090 0
23 3571 7188 0
11 3848 7714 0
19 1019 2083 0
19 1210 2441 0
5 336 683 0
18 3861 7759 0
29 4058 8148 0
18 2784 5609 0
8 5310 10630 0
5 5173 10364 0
5 1298 2605 0
2 1740 3497 0
20 110 265 0
2 929 1891 0
23 3189 6405 0
18 5239 10504 0
25 49 156 0
29 895 1820 0
1 3324 6650 0
12 807 1658 0
30 3536 7120 0
11 1807 3635 0
6 2475 4977 0
25 2467 4973 0
15 5004 10048 0
15 2047 4108 0
4 3873 7760 0
21 259 548 0
21 1170 2374 0
11 5291 10626 0
23 5164 10373 0
