
136558

169
610
1374
2419
4112
5506
7425
9704
12307
15839

136698

199
834
1740
2841
4101
8514
11677
14501
17861
20349

136748

166
634
1410
2471
3850
5604
7665
9895
12509
15441

136704

175
634
1388
2460
3821
5510
7478
9915
12702
15462

136800

169
631
1384
2494
4781
7937
10803
14201
18157
22566

132325

245
938
2023
3583
5506
7958
10831
14155
17834
22078

136760

249
928
1941
2455
3812
5492
7546
9862
12450
15789

142192

169
690
1649
3685
5739
8127
11433
14378
17896
22026

136751

246
911
1985
3489
5257
5586
7800
9772
12315
15139

136809

167
639
1374
2423
3802
5626
10636
14128
17796
22044

136674

260
904
1989
3520
5526
6494
7412
9670
12290
15238

132203

171
637
1370
2425
3782
5597
8004
15054
18806
22488
