
136558

23
81
172
301
472
690
922
1194
1500
1822

136698

1793
7914
8728
10712
23036
23933
25620
41011
32160
39119

136748

29979
118407
286692
619223
1.05567e+06
1.14006e+06
1.64437e+06
1.87782e+06
2.6569e+06
3.63571e+06

136704

339
687
1050
1114
1632
2039
2970
3016
3279
3429

136800

48
100
163
185
229
291
431
354
415
580

132325

50
143
250
354
552
651
787
907
1015
1088

136760

199
826
1690
3019
4598
6977
9746
12174
15399
19375

142192

367
1441
3734
5099
10354
14653
17515
17589
21641
31750

136751

69
157
239
326
500
990
1186
1465
1536
1488

136809

505
814
1326
1801
1877
2283
2741
3577
4203
3752

136674

162
935
301
1650
2372
2171
3443
3700
3518
4683

132203

45
143
131
225
301
331
453
499
654
546
