
136558

22
82
169
305
473
680
919
1196
1500
1845

136698

1809
8102
9077
10151
22493
24148
25697
40484
32425
38785

136748

29838
118979
284678
623679
1.05693e+06
1.1399e+06
1.63438e+06
1.87334e+06
2.65441e+06
3.63204e+06

136704

336
676
1054
1103
1679
2098
2944
3010
3247
3421

136800

50
97
161
180
234
293
437
345
405
594

132325

52
148
235
356
545
687
791
868
997
1114

136760

198
816
1664
3053
4591
6999
9645
12093
15401
19651

142192

394
1435
3789
5043
10208
14269
17923
17405
21781
31814

136751

68
157
248
334
512
950
1209
1435
1524
1477

136809

504
794
1340
1827
1901
2261
2747
3630
4157
3773

136674

163
958
295
1617
2405
2166
3426
3668
3528
4677

132203

43
141
123
241
285
328
459
510
654
565
